-20.0 -4.896455525013086
-19.0 -1.1206920791729635
-18.0 -14.950331645723557
-17.0 -3.471922563377576
-16.0 -7.327571000482056
-15.0 -10.091426883487237
-14.0 -10.087356502722427
-13.0 -10.860823732164643
-12.0 -9.890840954575745
-11.0 -5.7568315801836
-10.0 -8.292768883146413
-9.0 -1.5048178572216935
-8.0 -5.405131370880855
-7.0 -3.5851254445710254
-6.0 -1.1601455145843802
-5.0 -4.308256053643792
-4.0 -2.8470799014746713
-3.0 -0.26298207561811027
-2.0 -0.3151538351132863
-1.0 -0.8796243652087109
0.0 0.0
1.0 0.03595688663922347
2.0 1.5394193333639143
3.0 0.7642735501607439
4.0 3.8120382379963837
5.0 2.0254011515471584
6.0 2.4625404287462684
7.0 5.510888964396658
8.0 5.973721122786768
9.0 3.4044159712106197
10.0 5.34576756132461
11.0 5.957127642438336
12.0 9.365715671908085
13.0 6.8361354415351805
14.0 5.55923547008143
15.0 3.362735201417753
16.0 15.811108135145052
17.0 15.059913330580873
18.0 5.218120169365006
19.0 11.7316480926017
20.0 5.20197195051211
