-20.0 -4.896455525013086 2130.0933136170343
-19.0 -1.1206920791729635 1806.614261409229
-18.0 -14.950331645723557 1451.367580309132
-17.0 -3.471922563377576 1517.90722046114
-16.0 -7.327571000482056 1356.2950789537522
-15.0 -10.091426883487237 1108.5837698108755
-14.0 -10.087356502722427 936.4752152568315
-13.0 -10.860823732164643 738.0205095254889
-12.0 -9.890840954575745 630.973653300724
-11.0 -5.7568315801836 619.8973396152948
-10.0 -8.292768883146413 429.11746573097395
-9.0 -1.5048178572216935 408.56253929688916
-8.0 -5.405131370880855 300.05110961345736
-7.0 -3.5851254445710254 242.70488563360715
-6.0 -1.1601455145843802 177.17857777330906
-5.0 -4.308256053643792 93.76304780233579
-4.0 -2.8470799014746713 66.04734315322261
-3.0 -0.26298207561811027 39.56423624094113
-2.0 -0.3151538351132863 16.863327581306695
-1.0 -0.8796243652087109 1.7846682697334
0.0 0.0 2.0
1.0 0.03595688663922347 10.174612842408974
2.0 1.5394193333639143 30.836107131172923
3.0 0.7642735501607439 62.070552813866954
4.0 3.8120382379963837 89.24199322016308
5.0 2.0254011515471584 160.02282027754748
6.0 2.4625404287462684 224.99438712208595
7.0 5.510888964396658 273.2708574694876
8.0 5.973721122786768 358.57537298114073
9.0 3.4044159712106197 486.3678707449722
10.0 5.34576756132461 588.7556386835456
11.0 5.957127642438336 706.54998849213
12.0 9.365715671908085 763.0306753444083
13.0 6.8361354415351805 979.3505620028889
14.0 5.55923547008143 1144.985964636337
15.0 3.362735201417753 1284.816602327218
16.0 15.811108135145052 1120.5908449122526
17.0 15.059913330580873 1388.9714484223564
18.0 5.218120169365006 1859.2996170767046
19.0 11.7316480926017 2005.6409695889201
20.0 5.20197195051211 2276.2802122360918
